0111161
0068646
0468569
0071562
0050083
0108052
0167260
0110912
0120737
0060196
0109830
0167261
0137523
1375666
0080684
0133093
0099685
0073486
0816692
0114369
0038650
0047478
0102926
0120815
0317248
0118799
0120689
0103064
0076759
0088763
0245429
0253474
6751668
0054215
0172495
0110357
9362722
0407887
2582802
0120586
0110413
0095327
0482571
0056058
15239678
0114814
0034583
1675434
0095765
0027977
0078748
0047396
0064116
0021749
1853728
0078788
0209144
0910970
0082971
23849204
0405094
0043014
4154756
0050825
4633694
0051201
0081505
0032553
0090605
0361748
1345836
2380307
0086879
0114709
0057012
0364569
0169547
4154796
0082096
0112573
0119217
0119698
7286456
5311514
0057565
1187043
0087843
0045152
8267604
0091251
0180093
0435761
0086190
0338013
2106476
0062622
0044741
0105236
0056172
0053604
1255953
0053125
15398776
0086250
0033467
0036775
0022100
0052357
0093058
0113277
0211915
1049413
0066921
0056592
1832382
0070735
0095016
0097576
0986264
0017136
0208092
8579674
0119488
0040522
8503618
0075314
0363163
5074352
0372784
0059578
0993846
6966692
0053291
0012349
0055031
0120382
10272386
0042192
1130884
0469494
0107290
1745960
0112641
0089881
0167404
0457430
0105695
0477348
0084787
0268978
0266697
0040897
0055630
0057115
0071853
0266543
1392214
0347149
0042876
0080678
0046912
0071315
0031381
0120735
1305806
2096673
0434409
5027774
0081398
0117951
0050212
4729430
0264464
0116282
1291584
10872600
1205489
1201607
0405159
0096283
1392190
0118849
0052618
2024544
0112471
0083658
0072684
2278388
2119532
2267998
0097165
26548265
0353969
0107207
0015864
0198781
3011894
0077416
0017925
0015324
0073195
0382932
0892769
0047296
0978762
0046268
0050986
0041959
1950186
0031679
0046438
3315342
0075148
0118715
0050976
3170832
1895587
0088247
0395169
0091763
0113247
0325980
0381681
0019254
15097216
0036868
0070047
1979320
0317705
0074958
0032138
0092005
1028532
0059742
0476735
4016934
0035446
0758758
0058946
0032551
0107048
0129167
0245712
0032976
1454029
0061512
0025316
0087884
4430212
0103639
